[ Version: 6 ]
PT9-384-Assay.pd.txt
0
1
22	0		0		0		0		0		0		0		0		0		0		0		0		0		0		0		0		0		0		0		0		0		0	
0																							
LB		1 cP																					
Well	1																						
100	100	100	100	100	100	100	100	100	100	100	100	100	100	100	100	100	100	100	100	100	100	100	100
100	0	0	0	0	0	0	100	0	0	0	0	0	0	0	0	0	0	0	0	0	0	0	100
100	0	100	0	0	0	0	0	0	0	0	0	0	0	0	0	0	0	0	0	0	0	0	100
100	0	0	0	0	0	0	0	0	0	0	0	0	0	0	0	0	0	0	0	0	0	0	100
100	0	0	0	0	0	0	0	0	0	0	0	0	0	0	0	0	0	0	0	0	0	0	100
100	0	0	0	0	0	0	0	0	0	0	0	0	0	0	0	0	0	0	0	0	0	0	100
100	0	0	0	0	0	0	0	0	0	0	0	0	0	0	0	0	0	0	0	0	0	0	100
100	0	0	100	0	0	0	0	0	0	0	0	0	0	0	0	0	0	0	0	0	0	0	100
100	0	0	0	0	0	0	0	0	0	0	0	0	0	0	0	0	0	0	0	0	0	0	100
100	0	0	0	100	0	0	0	0	0	100	100	0	0	0	0	0	0	0	0	0	0	0	100
100	0	0	0	0	0	0	0	0	0	0	0	0	0	0	0	0	0	0	0	0	0	0	100
100	0	0	0	0	0	0	0	0	0	0	0	0	0	0	0	0	0	0	0	0	0	0	100
100	0	0	0	0	0	0	0	0	0	0	0	0	0	0	0	0	0	0	0	0	100	0	100
100	0	0	0	0	0	0	0	0	0	0	0	0	0	0	0	0	0	0	0	0	0	0	100
100	0	0	0	0	0	0	0	0	0	0	0	0	100	0	0	0	0	0	0	0	0	0	100
100	100	100	100	100	100	100	100	100	100	100	100	100	100	100	100	100	100	100	100	100	100	100	100
1																							
A1		1 cP																					
Well	1																						
0	0	0	0	0	0	0	0	0	0	0	0	0	0	0	0	0	0	0	0	0	0	0	0
0	0	40	0	40	0	0	0	0	0	0	0	0	0	40	0	0	0	0	0	0	0	0	0
0	0	0	0	0	0	0	0	0	0	0	40	40	0	0	0	0	0	0	0	0	40	0	0
0	40	0	0	0	0	0	0	0	40	0	0	0	0	0	40	0	0	40	0	0	0	40	0
0	0	0	0	0	0	0	0	0	0	0	0	0	0	0	0	0	40	0	0	0	0	0	0
0	0	0	40	0	0	40	0	0	0	0	0	0	0	0	0	40	0	0	0	0	0	0	0
0	0	0	0	0	0	40	0	0	0	0	0	0	0	0	0	0	0	0	0	0	0	0	0
0	0	0	0	0	0	0	0	0	0	0	0	0	0	0	0	0	0	0	0	40	0	0	0
0	0	0	0	0	0	0	0	0	0	0	0	40	0	0	0	0	0	0	0	0	0	0	0
0	0	0	0	0	40	0	0	0	0	0	0	0	0	0	0	0	0	0	0	0	40	0	0
0	0	0	0	0	0	0	0	0	0	0	0	0	0	0	40	0	0	0	0	40	0	0	0
0	0	0	0	0	0	0	0	0	0	0	0	0	0	0	0	0	0	40	0	0	0	0	0
0	0	40	0	0	0	0	40	0	0	0	0	0	0	0	0	0	0	0	0	0	0	0	0
0	0	0	0	0	0	0	40	0	0	0	0	0	0	0	40	0	0	0	0	0	0	0	0
0	40	0	0	0	0	0	0	0	0	0	40	0	0	0	0	0	0	0	0	40	0	0	0
0	0	0	0	0	0	0	0	0	0	0	0	0	0	0	0	0	0	0	0	0	0	0	0
2																							
A2		1 cP																					
Well	1																						
0	0	0	0	0	0	0	0	0	0	0	0	0	0	0	0	0	0	0	0	0	0	0	0
0	0	0	0	0	0	0	0	0	0	0	40	0	0	0	0	0	0	40	0	0	0	0	0
0	0	0	0	0	0	0	0	0	0	0	0	0	0	0	0	0	0	0	0	40	0	0	0
0	0	0	0	0	0	40	0	0	0	0	0	0	0	0	0	0	0	0	0	0	0	0	0
0	0	0	0	0	0	0	40	0	40	0	0	40	0	0	0	0	0	0	0	0	0	0	0
0	0	0	0	0	0	0	0	0	40	0	0	0	0	0	0	0	0	0	0	0	0	0	0
0	0	0	0	0	0	0	0	0	0	0	0	0	0	0	40	0	0	0	0	0	0	0	0
0	40	0	0	0	40	0	0	0	0	0	0	0	0	0	0	0	40	0	0	0	0	0	0
0	0	0	0	0	0	0	0	0	0	0	0	0	0	0	40	0	0	0	0	40	0	0	0
0	0	0	0	0	0	0	0	0	0	0	0	0	0	0	0	0	0	0	0	0	0	0	0
0	40	0	0	0	40	0	0	0	0	40	40	0	0	0	0	0	0	0	0	0	0	0	0
0	0	0	0	0	40	0	0	0	0	40	0	40	0	0	40	0	0	0	0	0	0	0	0
0	0	0	0	0	0	0	0	0	40	0	0	0	0	40	0	40	0	0	0	40	0	0	0
0	0	0	0	0	0	40	0	0	0	0	0	0	0	0	0	0	0	0	0	40	0	0	0
0	0	0	0	40	0	0	0	0	0	0	0	0	0	0	0	0	0	0	0	0	0	40	0
0	0	0	0	0	0	0	0	0	0	0	0	0	0	0	0	0	0	0	0	0	0	0	0
3																							
A3		1 cP																					
Well	1																						
0	0	0	0	0	0	0	0	0	0	0	0	0	0	0	0	0	0	0	0	0	0	0	0
0	40	0	0	0	40	0	0	0	0	0	0	0	0	0	0	0	0	0	0	0	0	40	0
0	0	0	0	40	0	40	40	0	0	0	0	0	40	0	0	0	0	40	40	0	0	0	0
0	0	0	0	0	0	0	0	0	0	0	0	0	0	0	0	0	0	0	0	0	0	0	0
0	0	0	0	0	0	40	0	40	0	0	0	0	0	0	0	0	0	0	0	0	0	0	0
0	0	0	0	0	0	0	0	0	0	0	0	0	0	40	0	0	0	0	0	0	0	0	0
0	0	0	0	0	40	0	0	0	0	0	40	0	0	0	0	0	0	0	0	0	0	0	0
0	0	0	0	0	0	0	0	0	0	0	0	0	0	0	0	0	0	0	0	0	0	0	0
0	0	0	0	40	0	0	0	0	0	0	0	0	0	0	0	0	40	0	0	0	0	0	0
0	0	40	0	0	0	0	0	0	40	0	0	0	0	0	40	0	0	0	40	0	0	0	0
0	0	0	0	0	0	0	0	0	0	0	0	40	0	0	0	0	0	0	0	0	0	0	0
0	0	40	0	40	0	0	0	0	40	0	40	0	40	0	0	0	40	0	0	0	0	0	0
0	0	0	0	0	0	40	0	0	0	0	0	0	0	0	0	0	40	0	0	0	0	0	0
0	40	0	0	0	0	0	0	0	0	0	0	0	0	0	0	0	0	0	0	0	0	0	0
0	0	0	0	0	0	0	0	0	0	0	0	0	0	0	0	0	0	0	0	0	0	0	0
0	0	0	0	0	0	0	0	0	0	0	0	0	0	0	0	0	0	0	0	0	0	0	0
4																							
A4		1 cP																					
Well	1																						
0	0	0	0	0	0	0	0	0	0	0	0	0	0	0	0	0	0	0	0	0	0	0	0
0	0	0	0	0	0	0	0	0	0	0	0	0	0	0	0	0	0	0	0	0	0	0	0
0	0	0	40	0	0	0	0	0	0	0	0	0	0	0	0	0	0	0	0	0	0	0	0
0	0	0	0	0	40	0	0	40	0	0	0	0	0	0	0	40	0	0	40	0	40	0	0
0	0	0	0	0	0	0	0	0	0	40	0	0	40	0	0	0	0	0	0	0	0	0	0
0	40	40	0	0	0	0	0	0	0	0	0	40	0	0	0	0	0	40	0	0	0	0	0
0	0	0	0	0	0	0	0	0	0	0	0	0	40	0	0	40	0	40	0	0	0	0	0
0	0	40	0	0	0	0	0	0	0	0	0	0	0	0	0	0	0	0	0	0	0	40	0
0	0	0	0	0	0	0	40	0	0	40	0	0	0	0	0	0	0	0	0	0	40	0	0
0	0	0	0	0	0	0	0	0	0	0	0	40	0	0	0	40	0	40	0	0	0	0	0
0	0	0	0	0	0	0	40	0	0	0	0	0	0	0	0	0	0	0	0	0	0	0	0
0	0	0	0	0	0	0	0	0	0	0	0	0	0	0	0	0	0	0	40	0	0	0	0
0	0	0	0	0	0	0	0	0	0	0	0	0	0	0	0	0	0	0	0	0	0	0	0
0	0	0	40	0	0	0	0	0	0	0	0	0	40	0	0	0	0	0	0	0	0	0	0
0	0	0	0	0	0	0	0	0	0	40	0	40	0	0	0	0	0	0	0	0	40	0	0
0	0	0	0	0	0	0	0	0	0	0	0	0	0	0	0	0	0	0	0	0	0	0	0
5																							
A5		1 cP																					
Well	1																						
0	0	0	0	0	0	0	0	0	0	0	0	0	0	0	0	0	0	0	0	0	0	0	0
0	0	0	0	0	0	0	0	0	0	0	0	0	0	0	0	0	0	0	40	0	40	0	0
0	0	0	0	0	0	0	0	0	0	0	0	0	0	0	40	0	0	0	0	0	0	0	0
0	0	0	40	0	0	0	0	0	0	0	0	0	0	0	0	0	40	0	0	0	0	0	0
0	0	0	0	40	0	0	0	0	0	0	0	0	0	0	0	0	0	0	0	0	0	0	0
0	0	0	0	0	0	0	0	0	0	0	0	0	0	0	40	0	40	0	0	0	0	40	0
0	0	0	0	0	0	0	0	40	0	0	0	40	0	40	0	0	0	0	0	0	0	40	0
0	0	0	0	0	0	0	0	0	0	0	0	40	0	0	40	0	0	0	0	0	40	0	0
0	0	0	0	0	0	0	0	0	0	0	0	0	0	0	0	0	0	0	0	0	0	0	0
0	0	0	0	0	0	0	0	0	0	0	0	0	0	40	0	0	0	0	0	0	0	0	0
0	0	0	40	0	0	0	0	0	40	0	0	0	0	0	0	40	0	0	40	0	0	0	0
0	0	0	0	0	0	0	0	0	0	0	0	0	0	0	0	0	0	0	0	0	0	0	0
0	0	0	0	40	40	0	0	40	0	0	0	0	0	0	0	0	0	0	0	0	0	40	0
0	0	0	0	0	0	0	0	0	0	0	40	40	0	0	0	0	40	0	0	0	0	0	0
0	0	0	0	0	0	0	0	0	0	0	0	0	0	40	0	0	0	40	0	0	0	0	0
0	0	0	0	0	0	0	0	0	0	0	0	0	0	0	0	0	0	0	0	0	0	0	0
6																							
A6		1 cP																					
Well	1																						
0	0	0	0	0	0	0	0	0	0	0	0	0	0	0	0	0	0	0	0	0	0	0	0
0	0	0	0	0	0	0	0	0	0	0	0	0	0	0	0	0	0	0	0	0	0	0	0
0	0	0	0	0	0	0	0	40	0	0	0	0	0	0	0	0	0	0	0	0	0	0	0
0	0	40	0	0	0	0	0	0	0	0	0	40	0	0	0	0	0	0	0	0	0	0	0
0	0	0	0	0	0	0	0	0	0	0	0	0	0	0	0	40	0	40	0	0	40	0	0
0	0	0	0	0	0	0	40	0	0	0	0	0	0	0	0	0	0	0	0	0	40	0	0
0	0	40	0	0	0	0	0	0	0	0	0	0	0	0	0	0	0	0	40	0	0	0	0
0	0	0	0	0	0	40	40	40	0	0	40	0	0	40	0	0	0	0	40	0	0	0	0
0	0	0	0	0	0	0	0	0	0	0	0	0	40	40	0	0	0	0	0	0	0	0	0
0	0	0	40	0	0	0	0	0	0	0	0	0	0	0	0	0	0	0	0	0	0	40	0
0	0	0	0	40	0	0	0	40	0	0	0	0	0	0	0	0	40	0	0	0	0	0	0
0	40	0	0	0	0	0	0	0	0	0	0	0	0	0	0	0	0	0	0	0	0	0	0
0	0	0	40	0	0	0	0	0	0	40	0	0	0	0	0	0	0	0	0	0	0	0	0
0	0	0	0	0	40	0	0	40	0	0	0	0	0	0	0	0	0	0	0	0	0	0	0
0	0	0	0	0	0	0	40	0	0	0	0	0	0	0	0	0	40	0	0	0	0	0	0
0	0	0	0	0	0	0	0	0	0	0	0	0	0	0	0	0	0	0	0	0	0	0	0
7																							
A7		1 cP																					
Well	1																						
0	0	0	0	0	0	0	0	0	0	0	0	0	0	0	0	0	0	0	0	0	0	0	0
0	0	0	0	0	0	0	0	0	0	0	0	0	40	0	0	0	0	0	0	40	0	0	0
0	0	0	0	0	0	0	0	0	0	0	0	0	0	0	0	0	0	0	0	0	0	40	0
0	0	0	0	0	0	0	0	0	0	0	40	0	0	40	0	0	0	0	0	40	0	0	0
0	0	0	0	0	0	0	0	0	0	0	0	0	0	0	0	0	0	0	0	0	0	0	0
0	0	0	0	0	0	0	0	0	0	0	0	0	0	0	0	0	0	0	0	40	0	0	0
0	0	0	40	0	0	0	40	0	0	0	0	0	0	0	0	0	0	0	0	0	40	0	0
0	0	0	0	0	0	0	0	0	40	0	0	0	40	0	0	0	0	0	0	0	0	0	0
0	0	40	0	0	40	0	0	40	0	0	0	0	0	0	0	0	0	0	0	0	0	40	0
0	0	0	0	0	0	0	40	0	0	0	0	0	0	0	0	0	0	0	0	0	0	0	0
0	0	0	0	0	0	0	0	0	0	0	0	0	0	0	0	0	0	40	0	0	0	40	0
0	0	0	0	0	0	0	40	0	0	0	0	0	0	0	0	0	0	0	0	40	0	0	0
0	0	0	0	0	0	0	0	0	0	0	40	0	0	0	0	0	0	0	40	0	0	0	0
0	0	40	0	40	0	0	0	0	40	0	0	0	0	0	0	0	0	0	0	0	40	0	0
0	0	0	40	0	0	40	0	0	0	0	0	0	0	0	0	40	0	0	0	0	0	0	0
0	0	0	0	0	0	0	0	0	0	0	0	0	0	0	0	0	0	0	0	0	0	0	0
8																							
A8		1 cP																					
Well	1																						
0	0	0	0	0	0	0	0	0	0	0	0	0	0	0	0	0	0	0	0	0	0	0	0
0	0	0	0	0	0	40	0	0	0	40	0	0	0	0	40	0	40	0	0	0	0	0	0
0	40	0	0	0	0	0	0	0	0	0	0	0	0	40	0	0	0	0	0	0	0	0	0
0	0	0	0	0	0	0	0	0	0	40	0	0	40	0	0	0	0	0	0	0	0	0	0
0	0	0	0	0	0	0	0	0	0	0	40	0	0	0	0	0	0	0	0	40	0	0	0
0	0	0	0	0	40	0	0	0	0	0	0	0	0	0	0	0	0	0	40	0	0	0	0
0	0	0	0	40	0	0	0	0	40	40	0	0	0	0	0	0	0	0	0	0	0	0	0
0	0	0	0	0	0	0	0	0	0	0	0	0	0	0	0	40	0	0	0	0	0	0	0
0	40	0	0	0	0	0	0	0	0	0	40	0	0	0	0	0	0	0	40	0	0	0	0
0	0	0	0	0	0	0	0	0	0	0	0	0	40	0	0	0	0	0	0	0	0	0	0
0	0	0	0	0	0	0	0	0	0	0	0	0	40	0	0	0	0	0	0	0	0	0	0
0	0	0	0	0	0	0	0	40	0	0	0	0	0	40	0	0	0	0	0	0	40	40	0
0	0	0	0	0	0	0	0	0	0	0	0	40	0	0	40	0	0	40	0	0	0	0	0
0	0	0	0	0	0	0	0	0	0	0	0	0	0	0	0	0	0	0	0	0	0	0	0
0	0	0	0	0	0	0	0	0	40	0	0	0	0	0	40	0	0	0	0	0	0	0	0
0	0	0	0	0	0	0	0	0	0	0	0	0	0	0	0	0	0	0	0	0	0	0	0
9																							
A9		1 cP																					
Well	1																						
0	0	0	0	0	0	0	0	0	0	0	0	0	0	0	0	0	0	0	0	0	0	0	0
0	0	0	40	0	0	0	0	40	0	0	0	0	0	0	0	0	0	0	0	0	0	0	0
0	0	0	0	0	0	0	0	0	0	40	0	0	0	0	0	40	40	0	0	0	0	0	0
0	0	0	0	40	0	0	40	0	0	0	0	0	0	0	0	0	0	0	0	0	0	0	0
0	0	0	40	0	0	0	0	0	0	0	0	0	0	40	40	0	0	0	0	0	0	40	0
0	0	0	0	0	0	0	0	0	0	0	40	0	40	0	0	0	0	0	0	0	0	0	0
0	40	0	0	0	0	0	0	0	0	0	0	0	0	0	0	0	40	0	0	40	0	0	0
0	0	0	0	0	0	0	0	0	0	0	0	0	0	0	0	0	0	0	0	0	0	0	0
0	0	0	40	0	0	40	0	0	40	0	0	0	0	0	0	0	0	0	0	0	0	0	0
0	0	0	0	0	0	40	0	0	0	0	0	0	0	0	0	0	40	0	0	40	0	0	0
0	0	0	0	0	0	40	0	0	0	0	0	0	0	0	0	0	0	0	0	0	0	0	0
0	0	0	0	0	0	40	0	0	0	0	0	0	0	0	0	0	0	0	0	0	0	0	0
0	0	0	0	0	0	0	0	0	0	0	0	0	40	0	0	0	0	0	0	0	0	0	0
0	0	0	0	0	0	0	0	0	0	0	0	0	0	0	0	40	0	0	40	0	0	40	0
0	0	0	0	0	0	0	0	40	0	0	0	0	0	0	0	0	0	0	40	0	0	0	0
0	0	0	0	0	0	0	0	0	0	0	0	0	0	0	0	0	0	0	0	0	0	0	0
10																							
A10		1 cP																					
Well	1																						
0	0	0	0	0	0	0	0	0	0	0	0	0	0	0	0	0	0	0	0	0	0	0	0
0	0	0	0	0	0	0	0	0	40	0	0	40	0	0	0	40	0	0	0	0	0	0	0
0	0	0	0	0	40	0	0	0	40	0	0	0	0	0	0	0	0	0	0	0	0	0	0
0	0	0	0	0	0	0	0	0	0	0	0	0	0	0	0	0	0	0	0	0	0	0	0
0	40	40	0	0	40	0	0	0	0	0	0	0	0	0	0	0	0	0	40	0	0	0	0
0	0	0	0	40	0	0	0	40	0	40	0	0	0	0	0	0	0	0	0	0	0	0	0
0	0	0	0	0	0	0	0	0	0	0	0	0	0	0	0	0	0	0	0	0	0	0	0
0	0	0	0	40	0	0	0	0	0	40	0	0	0	0	0	0	0	40	0	0	0	0	0
0	0	0	0	0	0	0	0	0	0	0	0	0	0	0	0	40	0	40	0	0	0	0	0
0	40	0	0	0	0	0	0	40	0	0	0	0	0	0	0	0	0	0	0	0	0	0	0
0	0	40	0	0	0	0	0	0	0	0	0	0	0	40	0	0	0	0	0	0	40	0	0
0	0	0	40	0	0	0	0	0	0	0	0	0	0	0	0	40	0	0	0	0	0	0	0
0	40	0	0	0	0	0	0	0	0	0	0	0	0	0	0	0	0	0	0	0	0	0	0
0	0	0	0	0	0	0	0	0	0	40	0	0	0	40	0	0	0	40	0	0	0	0	0
0	0	40	0	0	40	0	0	0	0	0	0	0	0	0	0	0	0	0	0	0	0	0	0
0	0	0	0	0	0	0	0	0	0	0	0	0	0	0	0	0	0	0	0	0	0	0	0
11																							
I1		1 cP																					
Well	1																						
0	0	0	0	0	0	0	0	0	0	0	0	0	0	0	0	0	0	0	0	0	0	0	0
0	0	40	0	0	0	0	0	0	0	0	0	0	0	0	0	0	0	0	0	0	0	0	0
0	0	0	0	0	0	0	0	0	0	0	0	0	0	0	0	0	0	0	0	0	0	40	0
0	0	0	0	0	0	0	0	0	0	0	0	0	0	0	40	40	0	0	0	0	40	0	0
0	0	0	0	0	0	40	0	40	40	0	0	40	0	0	0	40	0	0	0	40	0	40	0
0	0	0	40	0	0	0	0	0	0	0	0	0	0	0	0	0	40	0	0	0	0	0	0
0	0	0	0	40	40	0	0	0	0	0	0	0	0	40	0	0	40	0	0	0	0	0	0
0	0	40	0	0	0	0	0	40	0	0	0	0	0	0	40	0	0	0	0	0	0	0	0
0	0	0	0	0	0	0	0	0	0	0	0	0	0	0	40	40	0	0	0	0	0	0	0
0	0	0	0	0	0	0	0	0	0	0	0	0	0	0	0	0	0	0	0	0	0	0	0
0	0	0	0	0	0	0	0	0	0	0	0	0	0	0	0	0	0	0	0	0	0	0	0
0	0	0	0	0	0	0	0	0	0	0	0	0	0	0	0	40	0	0	0	0	0	0	0
0	0	0	0	0	0	0	0	0	0	0	0	0	0	0	0	0	0	0	40	0	0	0	0
0	0	0	0	0	0	0	0	0	0	0	0	0	0	0	0	0	0	0	0	0	0	0	0
0	0	40	0	0	0	40	0	40	0	0	0	0	0	0	40	0	40	0	0	0	0	0	0
0	0	0	0	0	0	0	0	0	0	0	0	0	0	0	0	0	0	0	0	0	0	0	0
12																							
I2		1 cP																					
Well	1																						
0	0	0	0	0	0	0	0	0	0	0	0	0	0	0	0	0	0	0	0	0	0	0	0
0	0	0	0	40	0	0	0	0	0	0	0	0	0	0	0	0	0	0	0	0	40	0	0
0	40	0	0	0	0	0	0	0	0	0	0	0	0	0	0	0	0	0	0	40	0	0	0
0	0	0	0	40	0	0	40	40	0	0	0	40	0	40	0	0	0	40	0	0	0	0	0
0	40	0	0	0	0	0	0	0	0	0	0	0	0	0	0	0	0	0	40	0	0	0	0
0	0	0	0	40	0	0	0	0	0	0	0	0	0	0	40	0	0	0	0	0	40	0	0
0	40	0	0	0	0	0	0	0	0	0	0	0	0	0	0	0	0	0	0	0	0	0	0
0	0	0	0	0	0	0	40	0	40	0	0	0	0	0	0	0	0	0	0	0	0	0	0
0	0	0	0	0	0	0	40	0	0	0	0	40	0	0	0	0	0	0	40	0	0	0	0
0	0	0	0	0	0	0	0	0	0	0	0	40	0	0	0	0	0	0	40	0	0	0	0
0	0	0	0	0	0	0	0	0	0	0	0	0	0	0	0	0	0	0	0	0	0	0	0
0	0	40	0	0	40	0	0	0	0	0	0	0	0	0	0	0	40	0	0	0	40	0	0
0	0	0	0	40	0	0	0	0	0	0	0	0	0	0	0	0	0	0	0	0	0	0	0
0	0	0	0	0	0	40	0	0	0	0	0	0	0	0	0	0	0	0	0	0	0	0	0
0	0	0	40	0	0	0	0	0	0	0	0	0	0	0	0	0	0	0	0	0	0	0	0
0	0	0	0	0	0	0	0	0	0	0	0	0	0	0	0	0	0	0	0	0	0	0	0
13																							
I3		1 cP																					
Well	1																						
0	0	0	0	0	0	0	0	0	0	0	0	0	0	0	0	0	0	0	0	0	0	0	0
0	40	0	0	0	0	0	0	0	0	0	0	40	0	0	0	0	0	0	0	0	0	0	0
0	0	0	0	0	0	0	0	0	0	0	0	40	0	0	0	0	0	0	0	0	0	0	0
0	40	40	40	0	0	0	0	0	0	0	0	0	0	0	0	0	0	0	0	0	0	0	0
0	0	0	0	0	0	0	0	0	0	0	0	0	0	0	0	0	0	0	0	0	0	0	0
0	0	0	0	0	0	0	0	0	0	0	0	0	0	0	0	0	0	0	0	40	0	0	0
0	0	0	0	0	0	0	0	40	0	0	0	0	0	0	40	0	0	0	0	0	0	0	0
0	0	0	0	40	40	0	0	0	0	0	0	0	0	0	0	40	0	0	0	0	0	0	0
0	0	40	0	0	0	0	0	0	0	0	0	0	40	0	0	0	0	0	0	0	0	0	0
0	0	0	0	0	0	0	0	0	0	0	0	0	0	0	0	0	0	0	0	0	0	0	0
0	0	0	0	0	0	0	0	40	0	0	0	0	40	0	0	0	0	0	0	0	40	0	0
0	0	0	0	0	0	0	40	0	40	0	0	0	0	0	0	0	0	40	0	0	0	0	0
0	0	0	0	0	0	40	0	0	0	0	0	40	40	0	0	0	0	0	0	0	0	0	0
0	0	0	40	0	0	0	0	0	0	0	0	0	0	0	0	0	0	0	0	0	0	40	0
0	0	0	0	0	0	0	0	0	0	0	0	40	0	0	0	0	0	40	40	0	40	40	0
0	0	0	0	0	0	0	0	0	0	0	0	0	0	0	0	0	0	0	0	0	0	0	0
14																							
I4		1 cP																					
Well	1																						
0	0	0	0	0	0	0	0	0	0	0	0	0	0	0	0	0	0	0	0	0	0	0	0
0	0	0	0	0	0	0	0	0	0	0	0	0	40	0	0	0	0	0	0	0	0	0	0
0	0	0	0	0	0	0	0	0	40	0	0	0	0	0	0	40	0	0	0	0	0	0	0
0	0	0	0	0	0	0	0	0	0	0	0	0	0	0	0	0	0	0	0	0	0	0	0
0	0	0	0	0	0	0	0	0	0	0	0	0	0	0	0	0	0	0	0	0	0	0	0
0	0	0	0	0	0	0	0	0	40	0	0	0	40	40	0	0	0	0	0	0	0	40	0
0	0	0	0	0	0	40	0	0	0	0	0	0	0	0	0	0	0	40	0	40	0	0	0
0	0	0	0	0	0	0	0	0	0	40	0	40	40	40	0	0	0	0	0	0	0	0	0
0	0	0	0	0	0	0	0	0	0	0	40	0	0	0	0	0	0	0	0	0	40	40	0
0	40	0	0	0	0	0	0	0	0	0	0	0	40	0	0	0	0	0	0	0	0	0	0
0	0	0	0	0	0	0	40	0	0	0	0	40	0	0	40	0	0	0	0	0	0	0	0
0	0	0	0	0	0	0	0	0	0	0	40	0	0	0	0	0	0	0	0	0	0	0	0
0	0	40	0	0	0	0	0	0	0	0	0	0	0	0	0	40	0	40	0	0	0	0	0
0	0	0	0	0	0	0	0	40	0	0	0	0	0	0	0	0	0	0	0	0	0	0	0
0	0	0	0	40	0	0	40	0	0	0	0	0	0	40	0	0	0	0	0	0	0	0	0
0	0	0	0	0	0	0	0	0	0	0	0	0	0	0	0	0	0	0	0	0	0	0	0
15																							
I5		1 cP																					
Well	1																						
0	0	0	0	0	0	0	0	0	0	0	0	0	0	0	0	0	0	0	0	0	0	0	0
0	0	0	0	0	0	0	0	0	0	0	0	0	0	0	40	0	40	0	0	40	0	40	0
0	0	0	0	0	0	0	0	0	0	0	0	0	0	0	0	0	0	0	0	0	40	0	0
0	0	0	0	0	40	0	0	0	0	0	0	0	0	0	0	0	40	0	0	0	0	0	0
0	0	0	0	0	0	0	0	0	0	0	0	0	40	40	0	0	0	0	0	0	0	0	0
0	0	0	0	0	0	0	0	0	0	0	0	40	0	0	0	0	0	0	0	0	0	0	0
0	0	40	0	0	0	0	0	0	0	0	40	0	0	0	0	0	0	0	0	0	0	0	0
0	0	0	0	0	0	0	0	0	0	0	0	0	0	0	0	0	0	40	0	0	0	0	0
0	0	0	0	0	0	0	0	0	0	0	0	0	0	0	0	0	0	40	0	40	0	0	0
0	0	0	0	0	40	0	40	0	0	0	0	0	0	0	0	0	40	0	0	0	0	0	0
0	0	0	0	0	0	0	0	0	0	0	0	0	0	40	0	0	40	0	0	40	0	40	0
0	0	0	0	0	0	0	0	0	0	40	0	0	0	40	40	0	0	0	0	0	0	0	0
0	0	0	40	0	0	0	0	40	0	0	0	0	0	0	0	0	0	0	0	0	0	0	0
0	40	0	0	0	0	0	0	0	0	0	40	0	0	0	0	0	0	0	40	0	0	0	0
0	0	0	0	0	0	0	0	0	0	0	0	0	0	0	0	0	0	0	0	0	0	0	0
0	0	0	0	0	0	0	0	0	0	0	0	0	0	0	0	0	0	0	0	0	0	0	0
16																							
I6		1 cP																					
Well	1																						
0	0	0	0	0	0	0	0	0	0	0	0	0	0	0	0	0	0	0	0	0	0	0	0
0	0	0	0	0	0	0	0	0	0	0	40	0	0	0	0	0	0	0	40	0	0	0	0
0	0	0	40	40	0	0	0	0	0	0	0	0	0	0	0	0	40	0	0	0	0	0	0
0	0	0	0	0	0	0	0	0	0	0	0	0	40	0	0	0	0	0	0	40	0	0	0
0	0	0	0	40	0	0	0	0	0	0	0	0	0	0	0	0	0	0	0	0	40	0	0
0	0	0	0	0	0	0	0	0	0	0	0	0	0	0	0	0	0	0	40	0	0	0	0
0	0	0	0	0	0	0	0	0	0	0	0	0	40	0	0	0	0	0	0	0	40	0	0
0	0	0	0	0	0	0	0	0	0	0	0	0	0	0	0	0	0	0	0	0	0	0	0
0	0	0	0	40	0	0	0	0	0	0	0	0	0	40	0	0	0	0	0	0	0	0	0
0	0	0	40	0	0	40	0	40	0	0	0	0	0	0	0	0	0	0	0	0	0	0	0
0	0	40	0	0	40	0	0	0	40	0	40	0	0	0	0	0	0	40	0	0	0	0	0
0	0	0	0	0	0	40	0	40	0	0	0	0	40	0	0	0	0	0	0	0	0	0	0
0	40	0	0	0	0	0	40	0	0	0	0	0	0	0	0	0	0	0	0	0	0	0	0
0	0	0	0	0	0	0	40	0	0	0	0	0	40	0	0	0	0	0	0	0	0	0	0
0	0	0	0	0	0	0	0	0	0	0	0	0	0	0	0	0	0	0	0	40	0	0	0
0	0	0	0	0	0	0	0	0	0	0	0	0	0	0	0	0	0	0	0	0	0	0	0
17																							
I7		1 cP																					
Well	1																						
0	0	0	0	0	0	0	0	0	0	0	0	0	0	0	0	0	0	0	0	0	0	0	0
0	0	0	0	0	40	0	0	0	0	0	0	0	0	0	0	0	0	0	0	0	0	0	0
0	0	0	0	0	0	0	40	0	0	40	40	0	0	40	0	0	0	0	0	0	0	0	0
0	0	0	0	0	0	0	0	0	0	0	0	0	0	0	0	0	0	0	40	0	0	0	0
0	0	0	0	0	40	0	0	0	0	0	0	0	0	0	0	0	40	0	0	0	0	0	0
0	0	40	0	0	0	0	0	0	0	0	0	0	0	0	0	0	0	40	0	0	0	0	0
0	0	0	40	0	0	0	0	0	0	40	0	40	0	0	0	0	0	0	0	0	0	40	0
0	0	0	0	0	0	0	0	0	0	0	0	0	0	0	0	0	0	0	0	0	0	0	0
0	0	0	0	0	0	40	0	0	0	0	0	0	0	0	0	0	40	0	0	0	0	0	0
0	0	0	0	0	0	0	0	0	0	0	0	0	0	0	0	0	0	0	0	0	0	40	0
0	40	0	0	40	0	40	0	0	0	40	0	0	0	0	0	0	0	0	0	0	0	0	0
0	40	0	40	0	0	0	0	0	0	0	0	0	0	0	0	0	0	0	0	40	0	40	0
0	0	0	0	0	40	0	0	0	40	0	0	0	0	0	0	0	0	0	0	0	0	0	0
0	0	0	0	40	0	0	0	0	0	0	0	0	0	0	0	0	0	0	0	0	0	0	0
0	0	0	0	0	40	0	0	0	0	0	40	0	0	0	0	0	0	0	0	0	0	0	0
0	0	0	0	0	0	0	0	0	0	0	0	0	0	0	0	0	0	0	0	0	0	0	0
18																							
I8		1 cP																					
Well	1																						
0	0	0	0	0	0	0	0	0	0	0	0	0	0	0	0	0	0	0	0	0	0	0	0
0	0	0	40	0	0	40	0	40	0	0	0	0	0	0	0	0	0	0	0	0	0	0	0
0	0	0	0	0	40	0	0	0	0	0	0	0	0	0	0	0	0	0	0	0	0	0	0
0	0	0	0	0	0	0	0	0	0	0	0	0	0	0	0	0	0	0	0	0	0	40	0
0	0	0	0	0	0	0	40	0	0	40	40	0	0	0	0	0	0	0	0	0	0	0	0
0	0	0	0	0	40	0	40	0	0	0	0	0	0	0	0	40	0	0	0	0	0	0	0
0	0	0	0	0	0	0	40	0	0	0	0	0	0	0	0	40	0	0	40	0	0	0	0
0	40	0	0	0	0	40	0	0	0	0	0	0	0	0	0	0	0	0	0	0	0	40	0
0	0	0	0	0	0	0	0	40	40	0	0	0	0	0	0	0	0	0	0	0	0	0	0
0	0	0	0	0	0	0	0	0	40	0	0	0	0	0	40	0	0	0	0	0	40	0	0
0	0	0	0	0	0	0	0	0	0	0	0	0	0	0	0	40	0	0	40	0	0	0	0
0	0	0	0	40	0	0	0	0	0	0	0	0	0	0	0	0	0	0	0	0	0	0	0
0	0	0	0	0	0	0	0	0	0	0	40	0	0	0	0	0	0	0	0	0	0	40	0
0	0	0	0	0	0	0	0	0	0	40	0	0	0	40	0	0	0	0	0	40	0	0	0
0	0	0	0	0	0	0	0	0	0	0	0	0	0	0	0	0	0	0	0	0	0	0	0
0	0	0	0	0	0	0	0	0	0	0	0	0	0	0	0	0	0	0	0	0	0	0	0
19																							
I9		1 cP																					
Well	1																						
0	0	0	0	0	0	0	0	0	0	0	0	0	0	0	0	0	0	0	0	0	0	0	0
0	0	0	0	0	0	0	0	0	40	0	0	0	0	0	0	40	0	0	0	0	0	0	0
0	0	0	0	0	0	40	0	0	0	0	0	0	40	0	0	0	0	0	40	0	0	0	0
0	0	0	0	0	0	40	0	0	40	40	40	0	0	0	0	0	0	0	0	0	0	0	0
0	0	40	40	0	0	0	0	0	0	0	0	0	0	0	0	0	0	40	0	0	0	0	0
0	40	0	0	0	0	40	0	0	0	0	0	0	0	0	0	0	0	0	0	0	0	0	0
0	0	0	0	0	0	0	0	0	40	0	0	0	0	0	0	0	0	0	0	0	0	0	0
0	0	0	0	0	0	0	0	0	0	0	40	0	0	0	0	0	40	0	0	0	40	0	0
0	0	0	40	0	0	0	0	0	0	0	0	0	0	0	0	0	0	0	0	0	0	0	0
0	0	0	0	0	0	0	0	0	0	0	0	0	0	40	0	0	0	40	0	0	0	0	0
0	0	0	0	0	0	0	0	0	0	0	0	0	0	0	0	0	0	0	0	0	0	0	0
0	0	0	0	0	0	0	0	0	0	0	0	0	0	0	0	0	0	0	0	0	0	0	0
0	0	0	0	0	0	0	0	0	0	40	0	0	0	0	40	0	0	0	0	40	0	0	0
0	0	40	0	0	0	0	0	0	40	0	0	40	0	0	0	40	0	0	0	0	0	0	0
0	40	0	0	0	0	0	0	0	0	40	0	0	0	0	0	0	0	0	0	0	0	0	0
0	0	0	0	0	0	0	0	0	0	0	0	0	0	0	0	0	0	0	0	0	0	0	0
20																							
I10		1 cP																					
Well	1																						
0	0	0	0	0	0	0	0	0	0	0	0	0	0	0	0	0	0	0	0	0	0	0	0
0	0	0	0	0	0	0	0	0	0	40	0	0	0	40	0	0	0	40	0	0	0	0	0
0	0	0	0	0	0	0	0	40	0	0	0	0	0	0	40	0	0	40	0	0	0	0	0
0	0	0	0	0	0	0	0	0	0	0	0	0	0	0	0	0	0	0	0	0	0	0	0
0	0	0	0	0	0	0	0	0	0	0	0	0	0	0	40	0	0	0	0	0	0	0	0
0	0	0	0	0	0	0	0	40	0	40	40	0	0	0	0	0	0	0	0	0	0	0	0
0	0	0	0	0	0	0	0	0	0	0	0	0	0	0	0	0	0	0	0	0	0	0	0
0	0	0	0	0	0	0	0	0	0	0	0	0	0	0	0	0	0	0	40	40	0	0	0
0	40	0	0	0	40	0	0	0	0	40	0	0	0	0	0	0	0	0	0	0	0	0	0
0	0	40	0	0	0	0	0	0	0	0	0	0	0	0	0	40	0	0	0	40	0	0	0
0	0	0	40	0	0	0	0	0	0	0	0	0	0	0	0	0	0	0	0	0	0	0	0
0	0	0	0	0	0	0	0	0	0	0	0	40	0	0	0	0	0	0	40	0	0	0	0
0	0	0	0	0	0	0	0	0	0	0	0	0	0	40	0	0	40	0	0	0	0	0	0
0	0	0	0	0	40	0	0	0	0	0	0	0	0	0	40	0	40	40	0	0	40	0	0
0	0	0	0	0	0	0	0	0	40	0	0	0	0	0	0	40	0	0	0	0	0	0	0
0	0	0	0	0	0	0	0	0	0	0	0	0	0	0	0	0	0	0	0	0	0	0	0
21																							
Cells		1 cP																					
Well	1																						
0	0	0	0	0	0	0	0	0	0	0	0	0	0	0	0	0	0	0	0	0	0	0	0
0	20	20	20	20	20	20	0	20	20	20	20	20	20	20	20	20	20	20	20	20	20	20	0
0	20	0	20	20	20	20	20	20	20	20	20	20	20	20	20	20	20	20	20	20	20	20	0
0	20	20	20	20	20	20	20	20	20	20	20	20	20	20	20	20	20	20	20	20	20	20	0
0	20	20	20	20	20	20	20	20	20	20	20	20	20	20	20	20	20	20	20	20	20	20	0
0	20	20	20	20	20	20	20	20	20	20	20	20	20	20	20	20	20	20	20	20	20	20	0
0	20	20	20	20	20	20	20	20	20	20	20	20	20	20	20	20	20	20	20	20	20	20	0
0	20	20	0	20	20	20	20	20	20	20	20	20	20	20	20	20	20	20	20	20	20	20	0
0	20	20	20	20	20	20	20	20	20	20	20	20	20	20	20	20	20	20	20	20	20	20	0
0	20	20	20	0	20	20	20	20	20	0	0	20	20	20	20	20	20	20	20	20	20	20	0
0	20	20	20	20	20	20	20	20	20	20	20	20	20	20	20	20	20	20	20	20	20	20	0
0	20	20	20	20	20	20	20	20	20	20	20	20	20	20	20	20	20	20	20	20	20	20	0
0	20	20	20	20	20	20	20	20	20	20	20	20	20	20	20	20	20	20	20	20	0	20	0
0	20	20	20	20	20	20	20	20	20	20	20	20	20	20	20	20	20	20	20	20	20	20	0
0	20	20	20	20	20	20	20	20	20	20	20	20	0	20	20	20	20	20	20	20	20	20	0
0	0	0	0	0	0	0	0	0	0	0	0	0	0	0	0	0	0	0	0	0	0	0	0
